5693342200
4279266200
4473549100
4610880900
4478632500
4454007600
4526177400
4662845800
4592035000
4365373600
4677175700
4564747400
4547265000
4725322700
4890270500
4391041800
4553644700
4463697400
4545243800
4342331300
4508745100
4552161200
4301161700
4034173800
4122157599
4141959500
4116212099
4273265099
4148760100
4100728400
4087023900
4086877800
4379284800
3962217600
4119119100
4135053100
4095111800
4071959800
4049841300
4051299100
4067737100
4055288900
4069369600
4037923500
4115582000
4033326500
4063608700
4095586900
4207613200
4058683100
4071241400
4084928900
4090569900
4075295000
4107453999
7199400000
5573946400
5219660800
4203134600
4155066200
4072743400
4084936500
4111649800
4092186400
4092524500
4186318599
4105271600
4086963900
4063491600
4067334800
4103998499
4089966000
4037528900
4108321200
4112797200
4052209100
4052843800
4119146300
4085554700
4128993400
4055931900
4045439600
4076819000
4128326600
4073900700
4159775600
4195924299
4064377100
4078544500
4177529800
4063012900
4101417400
4134693700
4134358800
4094928500
4176357600
4098161199
4101417900
4073357100
4159567699
