244678000
266630600
297937800
381764600
366415000
418643900
378053000
299020800
279868200
260471000
277931500
316063700
301531500
279299300
264307500
255072000
246796800
250900300
205722000
206780100
208653900
235972100
240602300
241792300
238287400
251605500
239098200
251381700
244112300
269476100
250971600
257148399
240743700
254427400
239622000
245482800
239071900
247299900
242646600
252452300
236230500
245516700
242264700
247968200
234786500
240177700
239934200
246113900
240664000
242863900
248744100
237011600
241714600
262020699
243799700
237156400
239980300
236245800
243590000
239554300
242195700
235297900
243079100
251891800
253456700
251735800
252672200
241829300
242650600
253329500
251701800
246557200
237920700
242118900
243162700
246197600
239000300
239976500
245046400
235695800
239741200
247471400
242331500
243831800
243694500
245562300
248846600
254504500
242924600
235463000
252233900
246445000
243868400
232590800
242893500
243789000
239314600
236922900
254722500
248187600
