5399400
5463000
3819800
3973300
4076100
7243400
5119300
4483800
4179299
3871400
3888200
3839800
3839600
3846700
4022700
3954200
4005300
4152700
3988500
3949500
3981000
3950200
3971400
3839700
3462200
3567100
3574900
3509400
3575700
3513200
3605100
3578600
3530600
3520800
3726000
3627000
3595700
5811700
3771500
3543000
5924800
3538600
3795600
3777300
4470100
5052100
3894500
5653200
5887300
4649500
5248300
6024400
4178099
3948200
4226900
4243900
5283300
6202700
4019800
4234300
3917800
3953100
5176900
4082000
4043800
4712100
6249800
4904900
4273100
4601600
4909200
6597600
4121900
4797900
4299000
4585900
6516200
6586800
7013900
6998900
6556900
6373800
5836800
4289100
4415200
4547700
4248800
5387000
7383600
6524700
4843600
5083700
4456400
5411400
5983700
5002600
5479700
4710400
5326600
4899700
