32919700
23508100
20727600
19292200
17998700
17806800
24943900
27455800
16836000
18421100
21745800
21640600
15200200
19910100
15524600
15778500
16032800
16854700
16952100
15843100
17516500
19413900
16106000
16358300
16334299
17440800
18806600
18454900
18359600
16039300
15892900
22526100
17752400
14326800
15655000
22010900
21029800
29971800
13382600
15719400
18082900
23454400
24303600
24495000
24046300
40236000
42158900
37508800
22011400
24351300
15258400
15915300
16283800
14492300
13791900
14773000
17772400
18814200
19256400
20811500
25813500
24976200
24100500
14877600
14714700
14607600
15276600
16812000
17581500
20986200
22390000
23377000
23072800
22410800
22648600
24525400
23299600
21870500
22748800
21540400
16244499
13517800
13749900
15506600
15590800
17857400
17748200
19649500
25417400
22582700
26247400
27039500
36340400
33550900
22834700
24126800
29770400
28802200
23434600
24854700
