1066187600
995579300
918927100
900109800
885764100
817531400
884722500
958381300
835064500
808622100
730990900
756646100
806214800
777949900
857878600
823967500
918745100
837962400
813310700
811605100
837565000
765230600
851817400
770390900
744475000
830651000
775856000
763736000
766028400
889091600
739808700
790567400
971502900
847854000
856289100
778726300
810337800
854435700
960159100
844622000
812881300
801327700
787284200
813504300
846352500
876728600
850105700
882084100
791298000
757142500
790028600
819313500
829127700
841285000
825905800
818326700
791821700
843372500
846843500
896856900
761602900
832016900
788905900
898111200
837715300
775265200
782325700
927444000
749150100
813428400
800002000
796979500
811934000
785180200
777330800
789427200
833608700
763329200
794752200
838622300
874786100
835711700
758732900
860563700
884497800
787908500
815475100
817332400
872520800
775329900
839373500
727563300
840834500
827719600
851012100
733365000
868828000
849695300
914008500
874852400
