105635500
36587900
31354300
36320300
37446400
35302700
26781700
30654700
31623100
42474200
28164100
35162500
36985400
36325200
29300800
29305700
28177100
31960600
39639400
31035000
38211400
41585300
50294000
46266500
52482800
56115300
67290500
53385200
33354799
29911400
29355500
41937900
48807200
64351600
47692900
48456300
47386600
45891400
46787000
47590000
48373500
46438200
46351600
37164500
35639300
36566400
47997900
50022600
56103900
53193200
51144600
46009500
49171500
58399700
56431200
47007400
47158000
46748900
47006500
76622400
43662000
28857300
44194500
44742800
56296900
33298099
28582200
33652500
37478700
39022300
53815700
48624100
46938300
46993800
50827700
42155100
28356200
32075499
43709900
49261400
46558600
34448800
29088200
31934400
41790200
45213200
34443300
41828200
46574700
45886900
45189400
43471800
24889700
29741000
35513200
45504900
46159700
38463000
47788900
46439900
