6709000
5174300
4969100
10170400
6671100
7002400
5033400
4850500
4880000
4940100
4839100
4970100
4835200
4836000
4944200
5255700
6567500
10928300
7591000
5119900
5288300
5071200
5443500
5097600
5190200
5113800
5098700
6962900
5152500
4474000
4835700
4563300
4711600
4834800
5128500
6513400
7314100
5876300
5212300
4600800
4428100
4485500
5213900
4707400
4494000
4377500
4534500
4481500
4487300
6923000
4469600
5114300
6878800
5253300
6250700
4666200
6144300
4648900
4700500
4663800
4697700
4611400
4686400
4749700
4588700
4640800
4605800
4996800
4676200
5675900
4631100
4710200
4579900
4800300
5147300
4606500
5315100
4731700
5545000
7401100
4712100
4981900
5834900
7162100
5205500
4680600
9198000
5728300
4700300
4885800
4572700
5140700
4678400
5498400
4804400
5991700
5349400
7820800
4981600
5327600
