5090938700
4626473500
4440965500
4525256400
4576972100
4472992200
4716532500
4851624900
4498029700
4817107500
4559681300
4713933200
4501674300
4554337700
4672567000
4563462100
4489009700
4666355300
4880985800
4444416600
4657787400
4400971000
4724823900
4752438700
4737567400
4781771000
4855446100
4563968700
4802762700
4813358800
4621338800
5105732100
4751996500
4688003500
4648138900
4739989600
4623648200
4745314000
4561841900
4659368800
4734244700
4504239700
4419499500
4856734700
4548598600
4499934200
4782418400
4668487900
4772252200
4658913700
4552348400
4727820500
4727427500
4644394600
4445484700
4692960900
4488501900
4519012100
4830070500
4726062000
4594597500
4647934600
4601058700
4750824600
4635471600
4696366300
4590590300
4588625600
4740085000
4755625900
4719467000
4626727800
5016018900
4478476100
4482832900
4714335100
4596674500
4647861400
4575038100
4768159800
4555116800
4734908800
4685114500
4536268500
4594861600
4486130000
4735991600
4630959800
4642946500
4816677100
5095205700
4749943000
4447893200
4902008100
4960947600
4625681600
4562734100
4573777000
4562682200
4711953100
