220257500
211882100
232083900
230812400
202581100
215507000
203247300
194322000
186526200
193085400
196386800
203496300
214622700
219724700
238938500
248050800
243675500
241296400
255223400
247723800
239019500
236620300
243880700
240937100
242678000
243266000
236124500
242557300
234087100
233899700
251523300
254039300
237282600
236844200
241936400
244062300
239451600
236319600
242831600
245539100
240059000
232116000
242114000
244482500
237057600
288615900
286553500
279952400
263607700
256694100
245609000
250807200
240498600
203660300
200711700
212577400
234056900
230018400
241811700
237720000
262935500
242936200
246737700
236359500
243801500
235036500
232480500
232153900
235415500
245704500
239989200
246744200
241669900
248088200
238219400
236730200
236358600
240411900
235594500
239871300
237701200
248165200
235797900
238281700
239285500
239111300
235155400
236181700
236816100
234411500
256296900
234910300
234475500
240578400
247708900
236054900
242407800
236826300
242200300
240474300
