592704500
695840300
680752800
820908300
535365600
529747700
564954600
543733800
552641100
622762500
520400000
567449700
522374200
587894500
512249699
565572800
636025000
572672000
571954000
495592300
540086700
490926300
520562100
547481000
486287000
539895300
600721200
489861000
622907100
519128400
572641200
552063900
652879300
492833900
576844600
500049100
519051399
528211100
647498400
531603300
567969200
641277000
530304999
624008900
494004600
516337000
512434900
609958700
588554900
593135900
560341800
580736500
547975900
592936600
565945500
496128100
522618799
529134600
687895500
627097600
546299000
582939500
508005900
553049200
621659100
510456700
527100000
527082099
557109400
552180200
539211500
578463400
610538600
579195300
520387600
559886600
529765700
606049700
504294100
661683300
526376300
543519900
583948300
551454800
486575700
588852900
562633400
608360300
628005700
536712900
570819400
547795600
600020800
533922699
641369200
573129600
592408700
576258900
497436500
583603200
