1097786900
1072516500
1170435600
839776600
758205400
854058200
864947600
718210200
823697200
836613600
810731600
781783600
788046800
856708900
852830700
827546400
811406300
898823900
890640100
811695300
771574800
789712800
843172500
785899000
783752700
808452000
878207500
1047449100
791222300
800698000
789974400
887973100
832113800
827807400
924424700
908924900
793933200
798224700
822583500
809870400
832637000
818587700
826988800
792447300
804690200
772330600
883253900
785338300
905919700
823784800
817573200
874902600
819400600
833650800
775181700
749911000
814755400
813399900
754122200
895197600
854874600
842861400
793931900
832594100
803822700
764876500
808069500
769220800
803277500
842534100
805481200
783898200
768721300
840135500
892828800
796976300
808225800
876623300
917994600
769380500
816764100
878516000
803340500
841367600
779204200
842554900
816379600
787004000
838382800
784017100
791531900
807067200
893918900
780569200
834329300
960971400
902435800
881508000
914228800
796453200
