3097117500
2443058400
2302650500
2341736400
2294552900
2364249100
2366166000
2344398100
2252424200
2373393700
2413130400
2369654100
2256138900
2410046900
2279352400
2431231400
2314635600
2414476400
2357829600
2559184500
2366797000
2296415600
2321375800
2318556700
2565060000
2354161700
2355201900
2379933200
2286872400
2351588300
2335840000
2285187000
2341697400
2281868800
2249685000
2334581700
2274333000
2423049800
2293893400
2500397400
2413953500
2289302200
2507400800
2342657800
2275679700
2305254700
2384071800
2376663100
2291698700
2323381500
2353567800
2470664400
2446741200
2356297700
2385545700
2367031000
2464837000
2382007500
2425907000
2470525700
2478044400
2366251400
2471309600
2321055100
2466318200
2461369300
2398540600
2331997900
2384544600
2329101900
2303492100
2282186000
2515688000
2244492400
2455269300
2371721100
2443707600
2377553800
2261949400
2368840400
2450561200
2424935200
2283656800
2548283700
2450315200
2447073700
2482712600
2171552200
2368259200
2426668000
2349716100
2389178400
2329459000
2403333100
2438044100
2286717000
2362152600
2472687400
2434708900
2310592700
