12745900
11464700
11000600
12281600
11143800
10574400
10785900
12153100
13975000
23528200
25437300
40984700
51957000
17027800
11117700
8949000
9360300
8804400
9343100
9005000
8953000
9526300
10926200
11094800
10698600
10471000
10691700
10433600
10448000
13033400
14280600
18673300
13665800
14199100
14219200
13729500
13481700
12309500
12971600
20975900
16361699
23151800
20445400
15588200
16275300
16352100
15550500
19624200
17280100
22256300
17042200
15045300
15362800
16389399
18611400
19571300
17273500
18412600
16553999
15798200
14840400
18247100
10687800
9271400
11542400
14761900
14772600
17281200
15358100
15358200
15426300
15065200
15518500
15723400
16760900
14804500
15083300
14988300
16700800
14536100
15110800
21459400
25693400
17228500
20925700
15497200
16495400
16338800
15846900
16788700
14502700
16734900
20080800
19803400
19162800
17045000
10761200
10222700
9254400
9886200
