18409100
12955300
13877800
16116399
18796600
9657400
5777900
5714600
5220500
5199100
5062900
6278300
5081100
5894400
5151500
5447800
6102500
9611700
6765200
6677100
6042600
4774100
4704600
4444200
4476100
4430400
4457000
5627800
4434000
5570900
4624900
4794600
7083900
4638800
4470500
4940000
4681700
5128000
6062500
7095800
6148300
6008800
6628700
5929500
6790900
5996500
5914300
6001000
6852700
6624400
6325600
6573100
8529900
7653400
7577200
6856600
7738300
5944100
5910000
7324200
7560300
7858000
7616800
8869000
12836300
11871400
12520600
13677800
12855800
12273600
12748300
12141900
12200700
12682300
13581900
21985100
17369700
14093800
13922100
12074000
14006900
17157200
23231900
17856100
23586200
11974200
8468900
7986900
6938000
6125800
6809800
4699300
4741000
5371100
4786100
4663900
5097600
5628600
6543000
5458100
