21754400
17273700
16755800
21204500
18127200
17068200
16974100
14311200
14370900
15229700
15204300
14367600
14142500
14052900
14737300
15163000
18043100
18049900
19442300
19068400
25588200
21399900
27406100
14354000
13339000
13502400
13172800
13197000
14866100
15539600
15794400
16206199
14188700
14358600
15370100
15484000
15848800
14344600
15218900
14196900
15116100
16204500
15120600
15727400
15217000
14867800
15164400
15477900
14836400
14373700
17599600
17476600
16492899
21581000
23155400
12178000
16442599
12218400
12125500
13827100
11746500
12418100
12929400
11711700
14005600
14677500
14070500
15437900
16530899
15968300
15442500
16337700
16401000
16398200
15038800
16757900
17144200
16448899
15447800
14588300
12843000
13629900
11497800
11210000
11577800
10385100
9758600
9526000
9782500
11072700
15580300
25018300
26788600
26623100
27804100
27447700
25568900
25407500
25594200
27693600
