7566509600
6589192900
7137057200
6884654000
6689086800
6742713300
6674804000
6833063300
6573310000
6762658500
6860895600
6856275200
6536565600
6613879000
6557780200
6540221600
6741661400
6696295300
6597941900
6573589500
6877185600
6677119300
6601261500
6668302400
6843782800
6550138000
6902865100
6938302700
6557274200
6742397200
7064380800
6675149100
6696407700
6806021000
7010837600
6644940000
6860927600
6863043400
6689561500
6906485000
6749840700
6559761800
6722404500
6815573100
6942326700
6688779700
6571369000
6716150100
6783438300
6642840600
6809198900
6616812800
6791204800
9349037800
7291070500
6757566600
6944974400
6717168800
6695612400
6670660800
6844159500
6690301600
6832400400
6711741600
6841645400
6802509000
6669466800
6589404900
6592891000
6871748600
6556311800
6663105700
6726516100
6587001100
6640029100
6893063700
6815344600
6759786700
6659673900
6581781600
7002179600
6723040000
6861624300
6784481000
6785160300
6727231200
6993815000
6849927800
6927297400
6899571000
7092692900
6595483800
6851214200
6654306900
6657441400
6791561400
6682272200
6561059100
6730057400
6800800300
