12180500
8546800
7876800
6172700
10185400
7198200
8551100
7762900
6980900
7032500
7064100
6937700
6886200
7008800
7351000
7504800
8528600
8961500
14074100
9554100
9976400
8521100
9470100
8808900
6743400
5515700
4837000
5030200
5738400
4534200
4452100
4536200
4511300
4471600
4853100
5048300
4427100
4742800
4845700
4768300
4533800
4449200
4588400
4489300
4487700
4424800
7715900
5281200
6265600
5019300
5374100
4641900
4855900
4420900
4603900
4564000
4450700
4562700
4957100
5141700
5130600
5141900
5343000
6556200
7147600
6895900
6299400
6748000
6032000
6092600
7102300
7267200
10950500
20447400
14662400
14618100
13118300
14128000
13815000
15215900
20666400
17785500
15379300
22140700
10389100
12960900
5223700
13574300
5788600
4483100
4678000
5156700
4727300
4728400
4772900
4708700
5763100
5646300
5472900
5709200
