1315513200
1111820200
904906800
824264700
783757100
786637900
800062300
812299700
855977500
784013300
776276800
846593200
919991400
888362100
815693100
883097800
809848400
885215900
883603600
960999900
945508000
719117800
850211700
786415700
773075600
797077000
905018000
864489300
774751900
739087700
796641100
982763300
903621600
865973300
766724500
811576400
789352800
824534100
771343000
784372000
905956100
829916200
875398300
807146500
760503500
967001400
849450800
765868300
776606700
891538600
825276000
748340600
800650700
822282800
855314700
825803200
825793800
886824000
948673900
866683100
907530600
777781400
854674200
848260200
824224600
777621200
888623900
771199700
840819900
908163400
942078200
861804600
909358500
802303000
802154400
799973300
797179800
843321600
849611200
906221400
820503400
815596300
739339100
838808700
819918600
812382500
828704300
752965800
805239900
906704600
975017800
1060784300
881870700
889732700
870925400
840800500
1014573100
812378300
835072400
796787900
