7639308400
6690033800
6893023500
6784434300
6960243700
6744809800
6824745300
6708057700
6778049900
6863901600
6926834100
6714380800
6770720700
6973175000
6983569000
7004266800
6800869800
6941513600
6767965200
6893253600
7052353600
6883101300
6743326800
6538109300
6859950500
6862343300
7059948000
6706387900
6803853800
6931584000
6656110400
6989775100
6753819200
6958091800
6812932000
6846003800
6772067700
7308018500
6716776400
6934712300
6979597300
7025743600
6834231600
6758888400
7028697400
6862224600
6617505600
6868923200
6897568700
7022669800
6858954000
7026594900
7229012600
6969268300
6950507900
6592608700
6640446900
6619789500
6562227300
6832542800
6650501100
6541485200
6899104700
6633538100
6532974600
6595697100
6898944500
6833958000
6874324200
6753808900
6681843500
6862925100
6823284600
6908082600
6883089500
6995587900
6842031700
6701027000
6848813300
6893073100
6899792700
6821506500
6736552300
6964874600
6787431500
6856755000
7053771800
6999966700
6955569000
6783791800
6899021900
6892396800
6475324300
6750981500
6649649500
6674058800
6591063000
6666569300
6655313900
6741300500
