3066111500
2300120600
2425716500
2365014700
2410165000
2285908800
2297820500
2359196900
2348640100
2336415000
2375461500
2282128600
2188889200
2383995400
2328024000
2205684200
2200373200
2239933500
2349557600
2192834400
2304271400
2275740200
2208511500
2217911400
2391652600
2227123800
2156438200
2221781200
2493284800
2352479900
2305991700
2275778800
2437269200
2303074000
2328884100
2283482200
2318255300
2243707700
2308249700
2202349300
2337798400
2339771900
2279226000
2228664700
2286606400
2202095600
2337949800
2225977700
2267750900
2404261300
2444325600
2225045100
2312585300
2383552100
2365694600
2206566000
2298825700
2290892500
2251032800
2262474600
2326653100
2360653400
2417153900
2142375900
2309025200
2291153300
2272628400
2516622200
2219936800
2404115900
2332455600
2394233800
2395384400
2394258200
2378778500
2229049900
2278442600
2337582500
2259591400
2351892000
2256021200
2295399300
2249689400
2274285500
2336914500
2245638500
2251674600
2267595300
2139103500
2194917700
2245236000
2452805000
2290060000
2251495200
2314352400
2127910600
2242001400
2134312399
2329376600
2256536200
