12347100
8803900
8900600
9044300
8743100
8358900
8398800
8843000
11378300
12242600
8415100
8291000
8287100
8152500
9789400
7955500
7514200
8639400
7880300
7726000
9145300
13728400
10298900
7571200
7381100
7900300
7670000
7664100
7606600
7388800
7392700
7474200
7381900
7358400
7380800
7380600
7526600
7622100
7378700
7550600
7633100
9578200
9429600
7402100
7396100
7658300
7545700
7714300
7908600
7857400
7558100
8782500
8212400
5852400
6514200
4598600
4995300
4608600
4712600
4616900
4809700
4626000
4604400
4704900
5502500
5941600
6630600
7446200
8333200
7692800
9490000
7510400
7480000
7402900
7459000
7511400
7566000
12428700
12314400
7581900
7914500
7840700
8112800
7394300
8224500
7643000
7422300
7385000
7590300
7791900
9537500
10671700
8076499
7502700
7650700
7438900
7339200
7462300
9633600
20956900
