12320200
7518400
9078100
7917600
6806600
9729000
11267900
11030300
6992000
11543600
9844300
7625200
10360700
10947800
7427300
10972700
10981800
10684500
7170400
8236300
9852700
5939500
6240100
6049200
5878300
6050100
6816600
7270600
8884700
8846900
8918800
8829300
12678900
9383400
8939800
9508200
11825500
11883300
12980900
12611600
12833100
11855800
7606900
5789600
4969300
4601600
7151000
4912900
6667900
5274200
5492600
5746800
4560800
4762900
6076400
6036400
6124700
5934300
6736300
6548800
6065100
7924400
7127400
7411500
7584900
8060700
7040000
9291700
12856900
8175300
7142900
7483800
7169700
7710400
8020400
7712900
8697700
8754100
7688600
8014799
8018499
7822000
12809200
7261500
7307700
7228600
8166399
7104300
7345900
11050000
15061500
13297800
10708900
7866200
7881100
13801200
8701200
14635600
10108800
9111800
