5062809000
4435039500
4317574100
4428810300
4427900800
4461221600
4531010600
4432201000
4646639800
4471191800
4512078100
4630556900
4524021100
4388331200
4579774700
4566599800
4599739400
4630243200
4499032600
4639302700
4424349400
4416475700
4598203300
4841805000
4449001200
4382692400
4449796200
4645260500
4380893400
4475902500
4743283300
4382261100
4530501800
4640636200
4582820700
4451435000
4466951500
4497024600
4498074300
4472726000
4375231000
4442163700
4629498000
4305426900
4516392300
4469958500
4556600200
4610899800
4419114700
4556523000
4453435800
4585571600
4305575600
4528010700
4706670200
4589624600
4372652700
4517746200
4824165600
4518775100
4608122300
4670323200
4699923000
4716869700
4601929500
4520007500
4556926000
4452277300
4403456600
4497921900
4565848400
4560396200
4822885100
4688186400
4363636000
4367896900
4548435900
4619419300
4318585100
4665683600
4552377100
4537551700
4353090800
4532618700
4479193900
4646332900
4588963800
4629059600
4433260500
4517894400
4454887200
4440245400
4576706400
4493994500
4603924900
4505856400
4588598200
4555238000
4516532600
4340094400
