325197200
326978500
367907300
380156200
339942000
334411300
406133400
301460000
230689700
226052700
232027200
231310700
227326400
231056000
255133600
244488300
237323300
233905100
275375900
236393700
247746400
239161400
255780000
249834600
233896800
231454100
259329900
238488700
238472000
227119300
250240200
241827400
255509400
234864200
240136100
240616400
235970100
227862900
238169000
271844000
239044700
229373700
228673200
258219499
240521000
235260100
227378800
239035400
241209400
235250300
234066900
251524800
244831600
238354300
234522900
240173600
257330200
238036600
230579200
228323900
242835500
250992000
236603100
229832200
237210900
248272900
257240000
246691300
238930400
242385900
234773600
225914500
229272800
252091100
248123000
234775000
227075700
259341700
236148500
234637800
233519500
244565500
244674100
231938200
236996700
245434300
251125100
237329700
239077900
239767700
249496400
242021700
232664900
241953400
245688800
242322600
241824100
226587100
248640100
238854000
