380663600
303844100
319390900
477864100
361015300
463535800
357518800
338293700
244991400
288078200
274098400
298731800
285208100
299015700
331901700
303276700
283725500
348437000
315187100
310406700
310363400
265568699
435583100
236787700
249634200
277808700
361192100
272284200
332164700
304694800
279796800
314380900
309818000
276010800
276777800
303356300
287206700
253659200
263708100
274218500
297268300
290009700
262193499
327812100
256608300
309479000
234644000
267564200
268244199
257802300
273029500
296389000
270670300
295514600
331131200
253016500
340133400
241266600
266368200
356713400
283670000
340598700
326650700
288547800
251688000
287256600
303407000
294317600
374044200
248468800
260358500
262732300
325560500
281849300
272302200
361063300
301085200
256119899
262311800
320946500
278328300
340858200
293955800
336358800
238260400
241266000
261757600
275527800
248042100
240505900
285108000
268700300
311817000
257006500
334757900
288957700
277159400
340975100
239663200
295847400
