3093441800
2143438700
2296270200
2297519600
2246603300
2123357000
2327314600
2316034700
2264651900
2249305500
2228983900
2274887700
2248401400
2232068000
2232165500
2276598400
2297684300
2383211100
2320289900
2160792500
2179637500
2189932300
2320810300
2339552300
2340090300
2154567500
2281416800
2306782700
2176265400
2573981000
2317846500
2274533500
2311941800
2228629900
2196478100
2221448400
2434702600
2252921400
2271279800
2247365300
2211681700
2238717800
2356557600
2178726900
2293939600
2169819800
2260565700
2335889500
2282152800
2234903300
2294307400
2195763900
2290285400
2248445500
2305070300
2304313100
2236034900
2331052500
2212472100
2246579900
2277714100
2169822000
2284859300
2291747300
2495957300
2402082800
2214762800
2323375400
2267900400
2154814800
2298347500
2204775800
2263019300
2261782900
2235466300
2178669100
2192508100
2206520300
2184776000
2214674800
2394172900
2269761900
2242945500
2266608100
2113011599
2121626699
2365111900
2246713100
2244570800
2271012800
2309786300
2248386500
2271695900
2226662100
2297180900
2260510800
2300635900
2275059300
2261786900
2427966700
