407527900
332298400
434111300
334991300
474788000
433580500
383364900
389994900
321617300
297946000
330582000
274536100
281306700
299542500
242087000
317419800
277386300
247563600
410327800
274586600
324065500
333420500
293267800
308712500
327027000
341440600
297072900
287209000
324074700
317529000
277251900
330484600
323623300
285034700
239276000
247832300
297828900
292802500
287159700
294365700
256133600
281815100
302489800
285843600
243680300
254562600
305054200
293841400
259460899
349532100
249317200
265332299
270137500
252742500
279832400
309024400
302086100
247569600
269630600
243458500
307338000
233497600
287516600
353442200
275943600
284774400
314125400
253289900
254749800
302284200
248800000
313983000
279381900
285317200
236856300
255045300
281475000
255343100
293224000
260348200
319187100
281541700
274263600
275820400
246916700
285318100
311149800
271491000
287342000
266625000
256380700
274646500
287107900
264311899
457347700
340073600
255418600
241307200
285957200
377399900
