6883422600
6602103000
6747749200
6858490800
6902836800
6826173400
6841441700
6723215400
6706679400
6735355000
6736185500
6682966900
6851626300
6533372500
6753583600
7352591300
6803640000
6879363700
6772663600
6545943400
6647943700
6708138200
6563314000
6749925100
6648471000
6767973400
6619302600
6489706100
6704853300
6833303400
6753665900
6548329200
6818128100
6578887600
6821415400
6718045700
6597478000
6837481500
6662732600
6693213300
6662635500
6957910900
6782648500
6824100500
6560502100
6622141200
6634400500
6443816400
6889083600
6732554400
6670536300
6866273300
6746801300
7058259900
7040370200
6889904300
6807563400
6840703800
6776782400
7162374700
6696366900
7022613500
7034926200
6722093800
6784021600
6802224400
6708460600
6725741900
6960735200
6625783000
6905627400
6796331900
6791254000
6814315200
6728723500
6781786700
6951083400
6831444000
6918128700
6626926700
6722845500
7170293100
6541100300
6750945500
6748348300
6741100800
7222446900
6643023200
6853352500
6875212500
6686327700
6856297300
6807309200
6758491800
6966053900
6835898600
7087740900
6727331200
6689945000
6612490300
