25814200
26580200
20870400
20867200
21750600
20329600
18676500
30475900
18165900
21718400
26384100
20363800
21461600
19173800
18934500
22063300
19712200
19061100
21053300
23949800
21072500
21115600
20098700
24547100
19198900
21021800
18115100
17863400
18731500
18950400
19536400
18486800
22417700
18551200
18796300
18288200
18817000
18509000
18212200
18512300
17287600
17302700
17278500
17829900
22022300
32134700
28435200
23142100
24939700
20763000
22525900
26497600
22719400
29276100
27845400
41169500
27939700
24984500
44412200
26448400
31444900
30133200
29273100
28363400
30575900
28904900
26629500
26632600
26737900
27091600
28514500
27199000
26569500
25472000
25644100
25575000
26360400
26989700
27598300
27608600
27905700
25440300
25445100
27640600
28266400
25914500
25826900
25620000
26873300
26203200
26340200
25667800
25447400
24537900
24482600
24614800
24625900
25392200
24820200
23980200
