158090400
135995900
100483000
86896300
98729600
96074900
102145500
94631500
91855000
87183600
139097100
91225600
85296500
105749100
100275900
97127800
136535200
163576700
111097500
140332900
116220000
80105000
87535900
134204500
133836900
101772400
90142000
124480000
160950300
149107300
109447200
91715500
114269900
89121200
97129400
120290100
101999100
118282200
127763400
81007600
85080900
98593200
82074900
76604800
75202900
84731200
74236200
97884000
73584000
75725200
88273000
84133100
77205400
92250500
116888400
105149800
132285300
88075900
91273100
114081500
75703200
90979500
80924600
116961200
77231800
99606300
113031700
77834700
115450600
126919300
123562400
103304100
100775200
95017200
74766700
113015800
120217100
80464700
103424600
112915300
127124000
131364200
133982400
140432800
114112200
80436600
77574700
122028100
76998900
79035300
83740900
94703800
84120400
78402800
107456800
82146500
110648000
84178400
86923800
82610000
