18796200
23080800
22862800
17777900
21026600
16157300
18089500
20153800
14882500
14440500
14413500
20866500
14331300
15287700
17109300
15004800
13719900
13483400
16052600
13710900
14232700
16656600
16537600
19554900
20225500
15768600
23354600
17401400
16616200
18259100
19888700
19434100
15142500
14520200
18619400
14916700
14798500
15806200
17639800
15988600
20778200
19117000
22082600
15516000
14288000
14767400
14400000
14652500
22705400
13850700
13796600
17716600
18480400
40098000
52604300
42855700
58055600
27195500
17374400
14185300
13731700
15631100
15208500
13804400
13500700
15878900
14001100
13059900
14329000
14610300
15025800
16815000
14192300
13656200
14592900
13984300
13522300
17204800
18184500
14917500
16862800
16384000
14376300
13660700
14068000
16673600
16694199
16163000
15691200
21774700
25028700
23839900
33501300
31086900
22610200
24165600
21702400
21702500
24548700
24036600
