186697500
98141300
126893400
97735900
90586100
130956600
134735600
146048000
173238000
106705500
167998300
127526600
84257000
106354200
119383100
131146800
140345200
163770100
131725100
86469900
89364300
132690599
136213700
98437600
97321100
158051000
147174400
99290600
72897500
87865400
77412300
119876300
134669600
101883300
72683700
81352100
97356400
93517900
106684100
76043400
69725600
78597500
75200300
107291400
109240200
74279100
108268000
131453499
103646800
94461900
79199900
71290600
83431300
72939000
78834000
73380200
79656000
89333700
129765999
77847600
99515100
125023600
97327000
92782700
78872600
77665800
100148900
74669600
111832300
96337400
120508900
95148800
79337400
86194000
113909300
91440200
80716500
118998700
109419900
80228200
78846700
126386300
109943200
96580800
113244800
81504000
111776600
91948800
77589700
122052900
118745500
132859600
119804000
83418700
91259800
119904200
111361900
114677500
101865400
107351800
