2912677000
2259774500
2106717999
2343871900
2263693600
2301755700
2185704000
2171217700
2140302900
2363541300
2547755100
2351276000
2157431400
2396187800
2316841900
2228763600
2183794000
2184085800
2198593600
2333975800
2391541300
2335116000
2266645700
2147806600
2440083800
2289864800
2285210500
2405084500
2284542100
2197465300
2299514900
2403542300
2112957700
2276984700
2277373000
2281783500
2160806100
2211868900
2369045800
2356335700
2299048500
2348615100
2235346600
2221222700
2304876100
2257775700
2255853600
2282604700
2287128400
2329307700
2275184900
2191163300
2455849500
2354688200
2142648100
2386195700
2371492800
2319783300
2269421200
2239175100
2284238500
2284069000
2507924700
2182549700
2276522400
2253118600
2170767200
2330021300
2272823400
2340802900
2137225900
2186152100
2290332100
2237428700
2310616100
2265111900
2310509600
2289225500
2249347700
2263847800
2350085700
2316405500
2343623100
2220008600
2260599900
2267348200
2361650200
2368419700
2128730100
2256595700
2379696400
2216073000
2293188400
2327723400
2239516000
2519486800
2309687100
2426773600
2329531900
2346975300
