3172906600
2284149200
2490081200
2321932600
2339314400
2288980600
2336391400
2337316800
2318808800
2432635000
2305312300
2372733400
2343809700
2415769100
2279660100
2327317600
2454048700
2230701300
2485588400
2373616600
2252599000
2304280900
2450982400
2324046900
2413944900
2343014100
2401171800
2371651600
2338685500
2381335100
2338307900
2329159100
2421543800
2290440000
2392876000
2573690300
2505732200
2390965900
2371708600
2268192500
2280444000
2328554200
2459528200
2324751900
2402501400
2325258800
2427134900
2390686300
2567632500
2266444800
2348445200
2451866800
2159021400
2291012100
2333754700
2388109300
2293026400
2389460500
2282980000
2412246800
2365780900
2321759200
2317435000
2305888900
2327631800
2292009500
2317808600
2364962400
2340190800
2445990500
2357338300
2474203400
2227111500
2337571400
2429951200
2340727700
2412855000
2343434600
2419136700
2379038900
2427372300
2397116700
2177435900
2284009700
2277951900
2321110300
2292714700
2504059200
2338258900
2354026300
2334029600
2355331900
2400661000
2440607100
2354483500
2386878300
2348121600
2446985400
2273456900
2240648500
