554240900
407992300
433375500
279093200
318262500
361132600
422182700
328569000
369208500
304000400
246862900
276529700
336618000
251706600
335203200
290521600
325331900
254359200
232953300
288727000
372707200
345336100
298581500
283939700
295167300
279736100
322759000
288220900
247143700
254964200
347462300
265139099
288457600
261391100
256646000
300056700
269062000
333784500
319474100
278370500
232449600
277277000
252848500
246822100
266833600
296824400
284740100
304940200
271780100
283142500
271851300
265049800
305634100
400860800
285710100
287246500
271671100
329160400
262406300
326097200
253800500
306966400
321164200
322429200
282704100
347134100
313110500
315469700
248974200
246054100
284256000
338764500
270490000
283816300
304548400
278874900
268588600
288168000
277693500
366737700
249255800
267219900
253445400
249300900
239121100
266413100
339713000
363270800
348188300
318440300
268952700
357028900
326757800
267914600
391791300
274098600
275120300
289005200
288619300
291793800
