341646000
305570900
322137700
348527600
369170700
354101200
452155000
309070900
281687500
295799900
326644400
284276200
321036300
273002400
270198800
246885700
287729000
260431100
296235900
264735000
283631400
306260300
249459900
303671000
338553200
275830500
302540600
332992600
272222000
280198400
297504200
244441100
290447500
280952300
275618000
240721700
320334100
333005700
279892500
311241700
276554600
322400300
249270200
297490100
326852900
286433700
253164400
315485800
271797900
255821700
273269700
281350300
293607600
291648100
277655600
279289100
314444600
249795200
277067700
258852300
309736300
279237200
299432400
278138200
246350800
278309800
278343600
290225500
277263800
341838700
296984500
281066900
278703900
290763600
321956200
271734000
371341200
277392100
258675400
271877700
317686000
270872500
255260900
314496500
274531700
303405300
270696900
427198400
385820100
279247200
260680400
254313500
360347700
351384400
266176100
289894200
351299500
326122800
346053300
253044200
