64004999
35506600
29911000
30720300
31865200
32123399
29772300
27671500
27217600
30770800
33399400
30211100
40984800
37999600
42380800
42798700
38828800
47727500
59734100
48970500
31553200
29779400
30763300
29441400
34661800
85599100
89554000
33260199
28629800
37756600
46507100
79480300
74250500
56989000
57033700
58008200
53172600
59722700
50018600
29591900
31679100
33709800
38202500
45677800
49545600
46873400
53911800
46724200
46336300
44723700
51376700
80564900
55924000
32037300
29995200
37631600
59705300
54502500
51681900
45999900
48670800
80890300
71116400
28208300
36366200
48144400
47533900
28636200
27565200
34698400
31908300
32316699
35350200
45116700
38891400
30843400
32991300
31544300
43688000
45977300
47663700
48364600
29276000
27870800
29171000
29012500
34421500
37209600
46435700
47675000
44525800
45659100
48578800
37830000
47038300
35937200
28666100
29062600
39877000
37495200
