2774470700
2346619600
2451068400
2258355000
2371914600
2283303600
2307387900
2308481200
2285169400
2504850500
2307212300
2280630200
2311087600
2327091500
2365764800
2189187500
2318472400
2514531500
2253327500
2353746700
2194854100
2209847700
2400644800
2451052000
2273411000
2418554300
2396925900
2326076400
2371666100
2349737300
2279302800
2415776300
2411122000
2303365100
2398052000
2392651000
2351475700
2426556100
2357638500
2313312900
2340045600
2351313000
2409095800
2278988400
2314380600
2407843600
2324843200
2467749000
2240001800
2274154900
2298657400
2370345900
2344874400
2469974200
2397304200
4228321600
4245986400
3510964700
2325928100
2349161800
2235405800
2359404900
2233875400
2244768300
2269793200
2373575900
2338440200
2318945600
2273529400
2306661100
2386131300
2322645800
2234485100
2353519300
2357193000
2276063200
2338201200
2216106900
2343099100
2369349300
2373100400
2326556600
2412573600
2328344400
2366807100
2326474300
2271640700
2328936800
2308871900
2266147200
2318949500
2377454200
2417776100
2400562900
2294120000
2351027200
2331255000
2311216400
2307659900
2476372600
