667812300
866288800
710911600
599550300
636932400
548127400
534661399
569345000
576365800
582555900
500481200
474546400
548434300
530700500
522911200
515263799
537638200
513726900
603135200
528709500
558808500
534722400
565670200
563847700
538942600
560208100
556841500
468662000
594703500
566641000
531635800
572579600
559716500
535823600
602566500
651593300
492679100
568388900
475111700
605075300
555327000
575160800
587534500
661318700
518376000
515409599
532172900
603176400
500882900
537538400
491269700
586402300
630761500
500167100
604895100
495701900
524412100
497769000
594219000
580070300
548351700
563506900
554697800
623893700
543106300
491908700
569549100
559471900
519952800
466042300
516873600
565885400
537447400
553169800
538866200
548579800
533150099
576387100
512162500
565870200
573202700
549078600
586504400
547261500
543414600
556461200
553872500
518632300
541145200
489587600
587026100
566172700
535011100
503336400
623737500
519982000
571512400
488222600
531572400
490492200
