38819100
33850700
31977600
32206500
32645500
32353700
33075899
33591400
36627800
37782200
34465700
36632100
32756500
32326400
37262200
35859600
33274700
33818700
32163700
31880900
32052600
32498100
34742200
33226500
34288500
31619800
32020500
35788800
46885200
51449500
34195400
33082600
34471700
37283600
38640500
35031100
33769200
35149000
33928500
39074500
37325400
36136100
57406100
47005600
35411600
38315000
41978700
43048100
34046200
33622100
33983900
30892400
30855300
38370700
36009000
30722000
30868100
30531400
30568100
30980100
36509300
29917200
30210700
31414600
30475400
31118900
34738300
29039700
36189400
29734800
30680100
28413800
28242800
28188900
28509800
26232700
25475500
26248900
25162200
25021400
25287300
24137100
24330800
24412800
25989300
22689300
26219900
23596800
23307500
23275100
23414100
23459400
24343400
23622900
23459500
24418500
24477000
23470300
23857700
24775300
