332672600
330482700
436718200
323868200
295302000
520332099
515157400
367116600
274169500
253622000
255991800
359861700
292952200
295287000
260770200
370267600
283669600
323740900
312411700
309437800
265001199
279433300
250339900
245290200
244393200
331285800
295173200
244488500
243619000
296268500
256609699
390899300
259551000
349438200
326583600
251979300
309378400
253647800
277971800
300036100
314809800
305818100
297298300
304375000
306776300
273287500
291487900
325625000
286569300
237473200
250506500
313307300
341516600
319332500
320706000
241777900
264657800
262084600
354496000
366747400
303206000
298031600
249832300
246336500
276794900
346534600
293059600
373330300
309394400
310104400
247657100
258586100
297110100
249846000
316297100
276723100
325299900
335109600
281994300
341344500
285199000
256166000
245477000
294880000
245391700
299535900
327079600
364061800
309478300
282614100
333566400
254821200
266622500
276328000
296556900
269868600
251898500
249427600
293751300
337931100
