3071182800
2430032500
2388424500
2201312800
2244077700
2367569700
2144322400
2396995800
2270571400
2288833000
2136439800
2252549900
2319271400
2220966300
2351014400
2380328600
2402488200
2171173500
2341465800
2337959400
2287766500
2188946000
2318599800
2308534400
2225984700
2364855000
2297091300
2263818300
2352925400
2297537500
2424358400
2297697900
2183646000
2266979400
2380817600
2206791800
2351107300
2189103400
2417996400
2276809700
2413078700
2444328300
2259304500
2290767100
2281532800
2270270900
2337147900
2428471700
2299042700
2374649800
2292639900
2284195400
2397278300
2365915800
2256941300
2253527200
2374241400
2215500900
2296556800
2346276100
2291507300
2530488400
2511725000
2169346300
2321266500
2304004400
2533125500
2330709800
2285520700
2280693200
2426921200
2446191600
2467102700
2261887600
2292310300
2294864100
2394413600
2390591300
2384879700
2280174500
2270611100
2257370400
2299530600
2474829500
2249597400
2257190100
2386003900
2294672200
2170004400
2418091700
2338175200
2254613100
2318478900
2361382100
2288457700
2327262800
2253455700
2354997700
2337266700
2220319700
