56237700
40036300
34997900
32665500
33672700
32798099
32841200
32893300
26834800
38054300
42955000
43220700
28169400
31910600
30334300
34193000
45797700
62741500
46823500
49956200
39143400
32963700
31014800
32368899
34851200
36644900
35626500
38423000
29089200
34925800
44121500
33895600
38347100
31416500
30415700
29502500
40085500
34566400
47615200
71056600
92834000
84851900
93763000
45464700
33498100
30375800
44235600
54564300
38908100
31971500
32453800
53876800
30906500
34537500
43699500
37564300
30035700
33575700
32024500
33702500
38944900
35309000
31338200
28397500
28156300
28724800
27879800
37981900
49290500
46421300
47199100
111346800
94314300
41896900
36962200
44318100
63331500
81248000
55823600
36475700
39631100
44939800
43582600
45394900
47205800
48039400
48273600
44819300
46351600
46490700
45831400
39885300
41557700
38610400
36475100
33753100
33610100
46491200
43714400
45269900
