119286400
107419400
93901600
106678400
76376000
75263000
88615200
84234400
92085200
105312600
63864600
67629500
66391900
65727700
89383200
95147500
90954500
95675600
116512100
91216200
102216600
68179400
62933700
86472300
100333700
94944500
93597000
82421300
83521200
129674399
96173200
94646900
138102400
89186400
150718500
123281200
83936700
88639800
90826900
85478800
68596000
70693600
48437500
59532300
57869200
54474900
50666100
84382300
74717000
64325999
74220600
54290000
80081100
85502100
50426500
76247600
85767600
81276500
76942000
54543000
54081700
69009300
85110900
100101200
81414800
63708100
56723100
77238000
92376200
82958300
52996200
71724200
73931300
53500800
70123000
93025500
89221200
91002400
69963300
57829200
53922700
80199800
89115700
95928200
88673200
71609000
55790300
65074000
64846800
87362600
85602400
60509600
78219600
82493400
92819700
82683700
53643600
57401500
88935200
132263900
