386227200
379243400
403889100
354674800
393680000
398845500
306651500
274913800
263267400
236493100
244559700
237288300
243625800
250251600
237942800
250713400
237397100
254848800
235709900
234984300
242488900
252306700
244841900
243169500
234369800
242856900
257447400
242158900
238546200
240534100
243683600
233295600
230302100
237528700
248985700
234076900
230679700
237919200
245324700
240027600
241336700
235760800
248385100
238086000
236934800
243185100
247316100
240572200
235025800
232723300
235739500
248746900
236775600
228425800
242445100
252511800
236208500
235566000
235326000
241448400
237720600
235769200
239595500
237147300
237107800
239881100
250501800
249295500
244037500
236992800
231300600
255929600
241144000
244083100
228961400
249991500
243447600
236389700
247659500
238919200
238775400
236905400
233727400
235333000
237325600
249855700
241420900
238268800
236551000
248178600
237090700
234383200
243687100
246392300
238693000
240092400
237285400
243495900
242544400
283534000
