40954400
26807800
18097500
16468000
15322000
15112300
17476800
19772200
22003500
23009100
25258700
37489100
13397500
14542000
13838700
19148900
20866900
13697000
13628500
14723000
13386800
14425800
13670600
14830800
13638800
13675300
16180499
15398000
16974300
19226900
18436900
19552500
20054000
19666700
14922300
21403900
14667500
15026400
16642100
11566100
9896800
10035300
9630100
12772700
12540400
15974200
10242000
13350800
13483600
12667900
11486800
11359500
14449200
16877300
18361200
18465900
13178800
14084400
14917400
11933500
12204500
12007000
11521600
11704300
15256500
11690300
9327600
9951000
10442400
10006600
9366900
9620400
10288500
10856300
10182000
11919300
12038800
15038400
14998300
14848000
28702300
25856000
26069700
25969000
31971400
23712000
15634900
16582100
12385400
10630900
10746500
11300600
9658200
9761200
9615000
9451900
10474800
10523800
10957200
10178100
