65806200
59344700
63327500
36054600
45224500
28123500
33009200
27179500
27011900
25846900
27131700
41494400
39019800
34612200
34473100
42319400
40984700
46522300
48433700
45689300
55259500
55930800
47905800
51297200
32718899
35271600
30383800
41933500
42600200
45468400
56002200
55848000
46120500
38297200
44409700
48890400
47091500
47351300
47211100
46682700
42389500
47270400
55008800
43246700
45762300
59019200
49849800
34279500
29512700
42263100
34247900
31736600
28975400
40503000
61572300
62560900
51138100
47566300
48542500
42217900
53559200
32473500
42807000
49888100
55756300
38518600
28785300
28978000
32052799
34301200
32930500
49134100
68403100
62006400
61028300
63126100
62921300
60769700
62054100
65166200
48755900
44745600
46725500
54661600
30118300
27427700
26978500
31160700
40259600
38146800
37487600
41420200
46700600
45354100
33053100
34240500
37565700
46474000
38055500
36179700
