72271000
35543100
34563700
32180500
33388599
32648800
32785899
29339400
28023100
32126100
32507100
36990800
43992400
48892300
30175400
30104700
39227600
40878800
47389300
44324000
30824200
30485600
36225000
48339500
54716000
85749300
45040100
30002400
37016900
47121400
31345900
35075900
35258000
33346300
33235900
54168100
43413500
38241900
39934700
46432200
46559800
49459300
48474000
51751100
47802400
45543800
47260000
57900100
62780900
31689600
30557400
41615200
34367700
40367300
48819000
65949799
56536200
30960500
30670600
28564800
38182500
55431000
54841400
48102900
57738400
74341500
78309000
85654800
117904900
38607500
30435200
33853800
41183500
47148600
47100400
44747600
44326300
29384900
33703000
38940700
92340800
66754900
31104800
31517400
28402200
38313200
35956600
27715700
36206300
46824100
67965100
51745500
41804200
47646200
45158000
44517700
41789200
46621800
47553200
45248000
