3015134500
2179241700
2102650999
2095814199
2050000300
2261918200
1943930400
2075121700
2033940900
2030865900
2037817700
2031347500
2023864100
2067225000
2022132400
2059923800
2036864400
2017853200
2217037500
1932591000
2009936600
2052859900
2061436400
2064078900
2048668000
2050079900
2035567300
2040157300
2080613199
2051812500
2039137600
1999804000
2050082399
2045032200
2171044000
1968033500
2002030700
2029153400
2018319200
2014252800
2025893600
2061763600
2084920799
2076529599
2043184700
2069064800
2022495800
2083840299
2026775600
2029031000
2002232200
2075728099
2190094800
3603094700
1970960500
2011514300
2025271100
2043147100
2111784200
2030094400
3079055100
2301190900
2387078700
2337326000
2342809600
2262116100
2265503200
2345764900
2343533300
2425000000
2206798100
2338605200
2395690600
2369931000
2157284600
2325536900
2246471800
2183369000
2251232700
2300789700
2425865800
2240605600
2338790700
2271647300
2323246400
2420840500
2337600300
2241271000
2340892800
2196062400
2266370300
2325730100
2406679900
2317374100
2179846100
2244057500
2277681700
2324277200
2153838900
2200474600
