7812700
8679200
7054300
6354800
5345000
5396000
8126899
5395900
5653700
5189000
5186500
5246100
7950700
5660000
5134800
5440700
5132300
5719400
5133600
5196700
5856700
5456100
4545500
4744000
4674400
5223900
4882900
4657300
4745800
4636600
4941600
4644000
4951400
5115000
5077800
4882100
4588200
4937600
5231600
5114900
5237400
7704000
7206500
7490600
11244000
17376900
19565400
16213400
15629200
15021200
15321300
13044100
15124000
23844900
15379000
15374100
12141100
13462400
17269000
19870100
13355700
13210900
15251600
15746700
20972900
12822000
6954900
5163500
6719200
5993300
4904800
6652800
5901200
5440200
7625200
6714000
6199300
5464300
10138300
12732500
9184100
7521900
5117000
5886900
5362200
7473500
7845500
5270700
4943700
6964300
4808600
5994000
4830200
5294600
4817100
5587600
4998500
6082700
6965300
9410100
