99245100
94116700
107107800
83080600
54984300
59886200
51246900
56786100
65973900
65555300
62109900
85970800
119852400
109434100
66983700
67757700
101391500
71839600
77809400
70761000
81091200
93083500
89780000
93304500
102181300
72259100
61450400
73392100
84794100
81538700
68645900
116179400
99343400
89300400
84013600
70483900
89575400
86320300
92573300
101377700
83215100
52905300
53625100
67431800
87168000
89523200
89441100
92387600
87102200
105036200
54768100
58829600
65270900
58327800
82807300
95616800
82292500
64890300
75248800
53633500
84306300
84915400
90406200
97753400
57653200
76901700
73799200
57144400
77733000
80278000
89690700
74189200
87700200
90652400
90321400
92988800
76190600
67801000
55666500
67389300
90655500
92118700
56973400
85241400
62575100
70545400
80211400
58882600
56347200
87377500
102889700
93184200
60216400
55417400
83127400
93160800
81709600
124321700
91998300
78100300
