57333900
16382400
15818200
17035700
15356500
15355300
15631500
15386100
16142499
16248200
45147600
21964500
21545500
21884500
22065400
21720100
21583600
21488800
21743900
21675100
19034100
21402700
21965800
22914800
23670000
24648800
22454300
21920600
24535900
22096100
22300900
22088100
27106000
24164300
23153900
23226000
25541500
30188000
22312400
23764700
35120200
30464800
16892100
15460400
17848900
13773000
13577600
13453100
13555000
18065500
22962000
25839300
30944100
29605700
28804900
31152700
27561900
31527600
27131500
27156500
27002100
28161100
28503500
27634600
28203100
27545600
26949000
22265400
22797000
22145800
22257200
21744300
23590800
21550700
22780600
17703200
17457000
17241300
21637500
23007600
26003500
37801600
41890300
23919300
24302700
19022400
14608800
14755600
20140700
19131300
14499100
15550500
18397800
18637900
21892800
22389200
22745000
21977300
22327200
21788800
