64645900
63755200
53296200
54827900
49960100
58378300
44208100
26903500
32479100
35031000
38691700
34800600
30938100
29433900
29978800
30653000
35117900
62357500
87421100
93513500
80536200
40158100
32584400
36295500
35967100
29840100
31269100
34408000
40301300
47177200
45359800
56152400
56907700
53400400
45377200
47030800
45867900
51336600
53365900
54074300
45043400
46702300
52103800
50364700
48020500
44575000
44507000
52559700
48518800
47694300
48641300
48629700
57254500
54569700
48394600
43068400
43683400
46329000
48800800
81837000
46915800
45066500
52782300
49019900
47929000
67361600
47815300
47254700
44356500
44877100
45642800
48308100
48148200
31319700
25556200
27127900
31077000
31117900
32076000
31418000
44476800
45439300
45157200
45051900
45153600
46024700
47453900
46465100
28942100
28155200
26176900
34125100
33497000
31463200
27338400
28271300
30664400
41043500
44926300
48823500
