179917400
201399600
94313300
146417800
157559000
169964800
124619900
108998700
112657700
147337900
94260800
87686000
88834100
92824100
113090100
150910000
156543000
100957000
108393800
131331700
104189500
169810400
142022500
126752700
88150000
83075000
77768800
70466600
106203500
89045600
92226300
121400800
128952900
118891800
97818100
141984700
95597000
74087000
91249000
128636300
128941800
118057500
120401600
79377000
75263500
74253000
108861900
86730600
96636800
95878600
79803900
74848800
89230700
94590200
93242500
100506100
80810100
94352500
93838400
99502500
85685100
104405300
106337100
85747300
173224100
108699600
87055100
100754100
99921700
89208400
122041000
82933900
85926400
80137400
98373600
84048600
85021100
82030100
105683600
106119900
85889100
84438900
86565700
99477800
109068000
93241200
106942300
136364800
143095200
122149500
87279000
98067200
122613400
83287600
85822400
118332200
85852000
86140600
114659300
111988900
