12314700
9990400
8472400
13443500
8453100
8157600
5942800
5575500
5294000
5292300
5177300
5290900
5143300
5329200
5111400
5304700
7850700
5719500
5308200
5920100
7764600
7757000
12154200
9546600
9162000
9591200
9745000
11501700
10245400
9978700
10164900
9188400
9114700
7238300
7471400
4749200
4852700
5239800
5958300
5230900
5549100
4919200
5438300
6615000
7104100
6123500
5415100
6189800
6081100
7987200
5933700
7971300
5242800
8537600
5611100
6106200
6948800
11566100
9507300
9362500
7813900
8047400
7826400
6977000
5258600
6717200
5530000
4743000
4909600
4909500
5566900
11237100
7874900
7513100
10092500
8934400
8218700
8097099
7478100
7767400
8153600
10850400
8283600
8190600
12652500
13543300
10360800
12182200
13849800
14730200
11309200
8327199
7973800
5282900
4889800
4843600
5162400
4597100
5219200
4957500
