87745500
81994500
70828700
60036900
69573300
56316600
68926400
68298400
63287600
78491100
99817100
59859400
59614500
62505600
84206200
64220699
64888900
59607000
75017400
59276000
65263999
64075700
62223800
92671300
93685100
88176200
55186000
78181600
93934400
111370800
84039900
77200100
69589900
56378500
86090000
65662700
52465300
52031400
49156800
63250500
91790500
87402000
94376200
69466800
64634000
68480000
58028800
53494400
65890500
54049100
50045200
74001300
84756900
90160700
71451000
51902600
53031200
67583700
98199800
90646400
57235600
55408600
68590500
69981800
83041400
62784900
63063200
59107300
59042100
72100600
75739300
62472100
83685300
98624500
87096700
59421600
72911600
87509900
92142900
82571800
56196000
73408600
89306500
91313100
67645700
84918500
83100500
81444600
57801800
61088100
100544100
84041600
75409900
88904600
71467400
72785300
93264800
66738699
55680700
61580000
