4706800
3518600
4039399
3457500
3422400
3343300
3660600
4921500
3338300
3207100
3212300
3315800
3350500
3343700
3317500
3297600
3330800
3283500
3466700
3492600
3502600
3474500
3400100
3865500
4423700
3131000
2860000
2925300
2888200
3045600
3208000
2863900
2921400
2994200
2869500
3061100
5751200
5155200
3376900
3325000
3021500
2896700
3562900
3000400
3338600
5454100
2964900
5074600
2997700
3069400
4267000
2944200
2869300
4167900
4519200
3252900
3555200
2900000
2884800
3013700
3534400
2900200
2961200
4078500
2984600
3409900
4286000
5612400
3964600
3913800
3185500
3536300
3079400
2984100
3361500
2907800
3510100
3039500
3163300
2984900
3774900
3469700
3442000
3301600
3268800
4326200
6065500
4313200
4208600
3651400
3497500
3078600
3630400
3928200
5686800
3524400
4260500
6481300
5235100
5483900
