2565658600
2126092200
2121454600
2081479899
2046930800
2081004199
2066917800
2118308300
2051161500
2046675500
2059079100
2073194500
2050069100
2311973100
1962524900
2083160800
2047626500
2067273299
2086316899
2070599600
2055635400
2139224700
2073674100
2062736300
2042932300
2152908400
2092562600
2074797000
2035199800
2072480200
2051422400
2051468300
2036088600
2036013900
2132085500
2113463699
2050608299
2088280900
2070295799
2101265199
2084883800
2287550800
1934677000
2062111500
2071971700
2084931099
2059075400
2123368100
2080110600
2078335500
2065181500
2053599499
2079139400
2127155400
2097405800
2055283600
2047134200
2072317400
2091904599
2037085600
2057279000
2064820800
2107610999
2084408500
2146970100
2081905300
2032405600
2245016500
2009766900
2057007099
2072281200
2059052200
2103747700
2052182699
2071359700
2063293400
2135267500
2110221200
2036664100
2055659400
2055653899
2054176500
2063680800
2148685000
2054680100
2070218600
2139223100
2048329800
2068787800
2069060200
2137869900
2040023500
2064217400
2051774600
2064224200
2092507700
2102132099
2063282800
2071121800
2042003100
