35586500
33167200
34243300
41732400
30547600
28362200
29034200
32660500
28164000
28203000
32457600
34021900
34769800
29897800
30526600
31126400
30475700
34789000
37901200
30804700
36470000
29926100
32423099
37762900
34565900
30484700
35334300
34428300
42308500
39450800
44953500
35512600
30887300
42758600
33311600
33601700
39125800
30383800
34324600
40760700
41072700
31081800
36615400
32611300
34287400
32257500
31388000
33667600
33548499
47915000
41928600
33975100
33433600
40956900
39221100
43041900
41615400
38130500
33107700
32996200
32765700
31669200
30399900
29823600
30456900
30093100
34583400
29471600
29073500
27714400
27775900
29734200
31314100
26676800
26657700
28306900
28026600
28109500
29267900
20429300
23162000
21990300
21190400
27925000
22911000
24053700
29286300
24707800
28681800
35223300
31845000
28603000
29427600
32003400
28512100
26797800
26854600
26888900
28253400
27730600
