678419200
740553300
744372400
650424000
584642400
533909999
532476500
584305200
591054800
644285900
595453600
515306700
649473100
641888600
534203099
641122300
573213300
594255500
489411600
561217800
548443200
535565200
554086400
613826600
572994000
522869600
516479600
560618600
514809099
574861500
500491000
576612700
560415900
587346500
717693700
511063300
542109800
623200500
606354300
538353600
617189200
611141000
638430500
561115900
598953400
538128900
573022100
559789600
577803500
611780300
568343500
579168300
523718400
619808800
546329400
503389000
630880500
563864300
619785200
551049200
639855200
610790400
663540800
619029500
541329500
601903900
559663200
624266500
504566900
586488500
487869500
674211100
591944800
572693000
562390000
525985600
619865500
689324400
613766900
583472800
561659800
511698100
572193800
543357200
547816500
521330799
590078800
532612300
563405700
554146800
719129800
605285600
562335100
555597600
629164300
575881900
618747800
615290200
610202100
669259500
